 5.8,
 9.8,
 4.6,
 4.6,
 9,
 9.4,
 5,
 4.6,
 8.2,
 4.4,
 5,
 4.8,
 5.8,
 6.4,
 6,
 11,
 4.8,
 4.4,
 5.6,
 5,
 4.8,
 5.6,
 5.6,
 5.2,
 5.8,
 4.8,
 8.8,
 5.2,
 5.4,
 5.8,
 5.4,
 7.6,
 5.8,
 8.8,
 8.2,
 7.4,
 7.6,
 7.4,
 9.8,
 8.2,
 8.4,
 7.8,
 7.2,
 8.4,
 6.6,
 7.6,
 6.4,
 6,
 6,
 7.8,
 10.2,
 6.2,
 7.8,
 6,
 8.2,
 7.4,
 5.6,
 7.4,
 8,
 5.8,
 8,
 8.2,
 9.2,
 7.2,
 10.4,
 7.6,
 8.2,
 9,
 8.4,
 8.4,
 8.4,
 10.4,
 8.4,
 8.4,
 7.8,
 8.4,
 8,
 8,
 8,
 8.2,
 9,
 8,
 8,
 9,
 7.8,
 8,
 8.4,
 8.2,
 8.8,
 7.8,
 8.4,
 8.2,
 9.2,
 8.4,
 8.4,
 8.8,
 8.2,
 8.6,
 7.6,
 8.2,
 8.6,
 8.6,
 8.2,
 8,
 9.8,
 8.8,
 7.8,
 7.8,
 8,
 8.2,
 8.2,
 8.8,
 9.6,
 8.2,
 7.6,
 8,
 8,
 8.8,
 7.4,
 7.6,
 7.6,
 7.8,
 7.8,
 7.6,
 8.2,
 8.2,
 8.4,
 8.6,
 8.2,
 7.2,
 7.6,
 7.8,
 8.8,
 8.2,
 8.6,
 8.4,
 8.8,
 9.2,
 8.6,
 8.6,
 8.2,
 7.8,
 8.6,
 8,
 9.4,
 8.2,
 8.8,
 7.8,
 7.8,
 9.8,
 8.4,
 8.4,
 8.6,
 7.6,
 8,
 8,
 8.2,
 7.6,
 8,
 7.8,
 7.8,
 8,
 8,
 7.8,
 7.8,
 7.4,
 7.6,
 7.8,
 7.4,
 7.4,
 7.2,
 7.8,
 8.6,
 10,
 7.2,
 8,
 7.4,
 8,
 8.6,
 8.2,
 6.4,
 7.4,
 7.4,
 7.2,
 7,
 7.6,
 7.2,
 7,
 6.8,
 10,
 7,
 6.8,
 8,
 6.6,
 9.2,
 12,
 8.2,
 7.8,
 7.2,
 6.4,
 6.2,
 7.2,
 8.6,
 6.4,
 7.2,
 8.8,
 8.2,
 6.2,
 5.4,
 6.4,
 5.6,
 5.6,
 9,
 9.2,
 6.6,
 5.6,
 4.6,
 5.2,
 5,
 7.2,
 4.8,
 4.8,
 5,
 7.8,
 5,
 7,
 4.6,
 5.2,
 4.6,
 4.4,
 5.6,
 5,
 4.8,
 7,
 6.8,
 8.8,
 4.8,
 5,
 4.6,
 4.4,
