 -2.39  ,
 -2.37  ,
 -2.35  ,
 -2.33  ,
 -2.31  ,
 -2.29  ,
 -2.27  ,
 -2.25  ,
 -2.23  ,
 -2.21  ,
 -2.19  ,
 -2.17  ,
 -2.15  ,
 -2.13  ,
 -2.11  ,
 -2.09  ,
 -2.07  ,
 -2.05  ,
 -2.03  ,
 -2.01  ,
 -1.99  ,
 -1.97  ,
 -1.95  ,
 -1.93  ,
 -1.91  ,
 -1.89  ,
 -1.87  ,
 -1.85  ,
 -1.83  ,
 -1.81  ,
 -1.79  ,
 -1.77  ,
 -1.75  ,
 -1.73  ,
 -1.71  ,
 -1.69  ,
 -1.67  ,
 -1.65  ,
 -1.63  ,
 -1.61  ,
 -1.59  ,
 -1.57  ,
 -1.55  ,
 -1.53  ,
 -1.51  ,
 -1.49  ,
 -1.47  ,
 -1.45  ,
 -1.43  ,
 -1.41  ,
 -1.39  2,
 -1.37  ,
 -1.35  ,
 -1.33  ,
 -1.31  ,
 -1.29  ,
 -1.27  ,
 -1.25  ,
 -1.23  ,
 -1.21  ,
 -1.19  ,
 -1.17  ,
 -1.15  ,
 -1.13  ,
 -1.11  4,
 -1.09  ,
 -1.07  ,
 -1.05  ,
 -1.03  ,
 -1.01  ,
 -0.99  ,
 -0.97  4,
 -0.95  ,
 -0.93  ,
 -0.91  ,
 -0.89  ,
 -0.87  ,
 -0.85  ,
 -0.83  ,
 -0.81  ,
 -0.79  ,
 -0.77  ,
 -0.75  ,
 -0.73  ,
 -0.71  ,
 -0.69  ,
 -0.67  ,
 -0.65  ,
 -0.63  ,
 -0.61  ,
 -0.59  ,
 -0.57  ,
 -0.55  ,
 -0.53  ,
 -0.51  ,
 -0.49  ,
 -0.47  ,
 -0.45  ,
 -0.43  ,
 -0.41  ,
 -0.39  ,
 -0.37  ,
 -0.35  ,
 -0.33  ,
 -0.31  ,
 -0.29  ,
 -0.27  ,
 -0.25  ,
 -0.23  ,
 -0.21  ,
 -0.19  ,
 -0.17  ,
 -0.15  ,
 -0.13  ,
 -0.11  ,
 -0.09  ,
 -0.07  ,
 -0.05  ,
 -0.03  ,
 -0.01  ,
 0.01  ,
 0.03  ,
 0.05  ,
 0.07  ,
 0.09  ,
 0.11  ,
 0.13  ,
 0.15  ,
 0.17  ,
 0.19  ,
 0.21  ,
 0.23  ,
 0.25  ,
 0.27  ,
 0.29  ,
 0.31  ,
 0.33  ,
 0.35  ,
 0.37  ,
 0.39  ,
 0.41  ,
 0.43  ,
 0.45  ,
 0.47  ,
 0.49  ,
 0.51  ,
 0.53  ,
 0.55  ,
 0.57  ,
 0.59  ,
 0.61  ,
 0.63  ,
 0.65  ,
 0.67  ,
 0.69  ,
 0.71  ,
 0.73  ,
 0.75  ,
 0.77  ,
 0.79  ,
 0.81  ,
 0.83  ,
 0.85  ,
 0.87  ,
 0.89  ,
 0.91  ,
 0.93  ,
 0.95  ,
 0.97  ,
 0.99  ,
 1.01  ,
 1.03  ,
 1.05  ,
 1.07  ,
 1.09  ,
 1.11  ,
 1.13  ,
 1.15  ,
 1.17  ,
 1.19  ,
 1.21  ,
 1.23  ,
 1.25  ,
 1.27  ,
 1.29  ,
 1.31  ,
 1.33  ,
 1.35  ,
 1.37  ,
 1.39  ,
 1.41  ,
 1.43  ,
 1.45  ,
 1.47  ,
 1.49  ,
 1.51  ,
 1.53  ,
 1.55  ,
 1.57  ,
 1.59  ,
 1.61  ,
 1.63  ,
 1.65  ,
 1.67  ,
 1.69  ,
 1.71  ,
 1.73  ,
 1.75  ,
 1.77  ,
 1.79  ,
 1.81  ,
 1.83  ,
 1.85  ,
 1.87  ,
 1.89  ,
 1.91  ,
 1.93  ,
 1.95  ,
 1.97  ,
 1.99  ,
 2.01  ,
 2.03  ,
 2.05  ,
 2.07  ,
 2.09  ,
 2.11  ,
 2.13  ,
 2.15  ,
 2.17  ,
 2.19  ,
 2.21  ,
 2.23  ,
 2.25  ,
 2.27  ,
 2.29  ,
 2.31  ,
 2.33  ,
 2.35  ,
 2.37  ,
 2.39  ,
